1 陈 315958 100.0
2 斯卡蒂 245434 77.67931180726552
3 异客 105818 33.49116021749726
4 莫斯提马 69563 22.01653384310573
5 凯尔希 67492 21.36106697725647
6 白金 63474 20.089378968090696
7 灰烬 57819 18.299584121940256
8 水月 54963 17.395666512637757
9 羽毛笔 40020 12.666240449680021
10 夕 37579 11.893669411757259
11 歌蕾蒂娅 36425 11.528430993992872
12 赫拉格 34393 10.885307540875685
13 瑕光 31437 9.949740155337102
14 卡涅利安 30392 9.618999993670045
15 龙舌兰 30386 9.61710100709588
16 帕拉斯 24826 7.85737344836972
17 苇草 24075 7.619683628836745
18 战车 21816 6.904715183663651
19 调香师 18938 5.993834623589212
20 森蚺 18265 5.780831629520379
21 能天使 17016 5.385525924331715
22 空弦 16956 5.366536058590066
23 早露 16863 5.337101766690509
24 赤冬 16593 5.251647370853088
25 幽灵鲨 16591 5.251014375328367
26 W 14565 4.609789908785345
27 史尔特尔 14304 4.527183992809171
28 煌 14287 4.521803530849037
29 温蒂 14091 4.459769969426316
30 麦哲伦 13931 4.409130327448585
31 泥岩 13456 4.258793890327196
32 苏苏洛 13451 4.2572114015153915
33 熔泉 13293 4.2072047550623815
34 山 12810 4.054336335842105
35 银灰 12798 4.050538362693776
36 棘刺 12757 4.037561954436982
37 送葬人 12636 3.999265725191323
38 阿 12222 3.868235651573943
39 铃兰 12075 3.8217104805069027
40 阿米娅 11411 3.611555966299318
41 嵯峨 11283 3.5710442527171335
42 刻俄柏 11237 3.556485355648536
43 黑 11218 3.55047189816368
44 乌有 11129 3.522303597313567
45 傀影 11065 3.5020477405224746
46 暴雨 10926 3.45805455155432
47 塞雷娅 10176 3.2206812297837053
48 豆苗 9363 2.9633685489843584
49 安洁莉娜 9249 2.9272878040752253
50 艾雅法拉 9059 2.8671532292266693
51 炎熔 9048 2.8636717538407
52 蓝毒 8892 2.8142981029124123
53 风笛 8587 2.7177662853923623
54 惊蛰 8515 2.6949784465023834
55 推进之王 8504 2.6914969711164143
56 霜华 8084 2.55856791092487
57 临光 8074 2.5554029333012616
58 铸铁 7987 2.52786762797587
59 桃金娘 7970 2.522487166015736
60 夜莺 7914 2.5047632913235303
61 闪盾 7806 2.470581532988562
62 贝娜 7419 2.3480968989549242
63 星熊 7205 2.2803663778097087
64 四月 7172 2.269921951651802
65 深靛 6786 2.1477538153805256
66 罗宾 6610 2.092050209205021
67 空 6350 2.0097607909912076
68 德克萨斯 6218 1.9679830863595795
69 绮良 6216 1.9673500908348578
70 亚叶 6202 1.9629191221618065
71 年 6166 1.9515252027168168
72 伊芙利特 6123 1.9379157989353013
73 迷迭香 5692 1.8015052633577882
74 巫恋 5638 1.7844143841903037
75 极境 5494 1.7388387064103457
76 絮雨 5448 1.724279809341748
77 特米米 5357 1.6954785129669132
78 拉普兰德 5279 1.6707916875027693
79 守林人 5202 1.6464213598009863
80 孑 5018 1.5881857715265952
81 玫兰莎 4965 1.571411390121472
82 松果 4915 1.5555865020034307
83 闪灵 4827 1.5277346989156786
84 芙兰卡 4731 1.49735091372904
85 格拉尼 4622 1.4628526576317107
86 雷蛇 4430 1.4020850872584332
87 月禾 4405 1.3941726431994126
88 深海色 4392 1.390058172288722
89 砾 4310 1.3641053557751348
90 杜宾 4291 1.3580918982902792
91 白面鸮 4058 1.284347919660208
92 凛冬 3881 1.228327815722343
93 星极 3681 1.165028263250179
94 泡普卡 3679 1.1643952677254572
95 安比尔 3662 1.1590148057653233
96 真理 3468 1.097614239867324
97 普罗旺斯 3466 1.0969812443426026
98 巡林者 3384 1.0710284278290152
99 安哲拉 3241 1.025769247811418
100 鞭刃 3215 1.0175403059900368
101 华法琳 3136 0.9925369827635317
102 燧石 3134 0.9919039872388102
103 清道夫 3128 0.9900050006646453
104 诗怀雅 3117 0.9865235252786761
105 蜜蜡 2986 0.9450623184094089
106 宴 2981 0.9434798295976047
107 红 2975 0.9415808430234398
108 卡夫卡 2944 0.9317694123902545
109 吽 2931 0.9276549414795637
110 爱丽丝 2869 0.9080320802131929
111 霜叶 2855 0.9036011115401414
112 灰喉 2781 0.8801802771254407
113 卡达 2741 0.867520366631008
114 伊桑 2689 0.8510624829882453
115 波登可 2574 0.8146652403167509
116 炎客 2572 0.8140322447920293
117 香草 2534 0.8020053298223182
118 克洛斯 2533 0.8016888320599572
119 食铁兽 2481 0.7852309484171948
120 红豆 2451 0.7757360155463701
121 断崖 2283 0.7225643914697523
122 夜烟 2277 0.7206654048955874
123 稀音 2248 0.7114869697871236
124 槐琥 2182 0.6905981174713095
125 古米 2175 0.6883826331347838
126 狮蝎 2157 0.682685673412289
127 米格鲁 2137 0.6763557181650726
128 奥斯塔 1952 0.6178036321283209
129 因陀罗 1916 0.6064097126833313
130 图耶 1897 0.6003962551984757
131 嘉维尔 1880 0.5950157932383418
132 缠丸 1867 0.5909013223276511
133 暴行 1854 0.5867868514169604
134 霜星 1836 0.5810898916944658
135 贾维 1822 0.5766589230214143
136 流星 1809 0.5725444521107236
137 赫默 1806 0.5715949588236412
138 艾斯戴尔 1760 0.5570360617550434
139 坚雷 1750 0.5538710841314352
140 天火 1732 0.5481741244089404
141 慑砂 1721 0.5446926490229714
142 梅尔 1706 0.5399451825875592
143 石棉 1706 0.5399451825875592
144 苦艾 1702 0.5386791915381158
145 火神 1684 0.532982231815621
146 可颂 1582 0.5006994600548175
147 布洛卡 1554 0.49183752270871445
148 泡泡 1527 0.4832920831249723
149 芳烃 1493 0.47253115920470445
150 初雪 1455 0.4605042442349933
151 红云 1386 0.43866589863209665
152 崖心 1369 0.43328543667196273
153 地灵 1348 0.4266389836623855
154 THRM-EX 1318 0.4171440507915609
155 白雪 1301 0.411763588831427
156 芬 1290 0.40828211344545795
157 杜林 1262 0.399420176099355
158 慕斯 1261 0.39910367833699417
159 莱恩哈特 1257 0.39783768728755087
160 杰克 1257 0.39783768728755087
161 微风 1208 0.3823292969318707
162 角峰 1202 0.38043031035770575
163 杰西卡 1170 0.37030238196215953
164 断罪者 1159 0.3668209065761905
165 薄绿 1156 0.36587141328910805
166 陨星 1138 0.3601744535666133
167 格劳克斯 1066 0.3373866146766342
168 锡兰 1057 0.33453813481538686
169 猎蜂 999 0.3161812645984593
170 酸糖 992 0.3139657802619335
171 暗锁 988 0.3126997892124903
172 清流 985 0.3117502959254078
173 格雷伊 966 0.3057368384405522
174 安赛尔 966 0.3057368384405522
175 讯使 930 0.2943429189955627
176 末药 926 0.29307692794611945
177 蛇屠箱 926 0.29307692794611945
178 史都华德 830 0.2626931427594807
179 远山 820 0.25952816513587246
180 柏喙 798 0.2525652143639345
181 翎羽 789 0.24971673450268705
182 刻刀 786 0.24876724121560462
183 雪雉 764 0.24180429044366658
184 角峰 663 0.20983801644522374
185 Castle-3 663 0.20983801644522374
186 梅 620 0.19622861266370847
187 斑点 617 0.195279119376626
188 卡缇 602 0.19053165294121369
189 夜魔 601 0.19021515517885287
190 安德切尔 534 0.16900980510067795
191 夜刀 511 0.16173035656637907
192 Lancet-2 460 0.14558897068597726
193 阿消 403 0.12754859823141051
194 12F 397 0.12564961165724559
195 芙蓉 392 0.12406712284544147
196 月见夜 389 0.12311762955835902
197 拜松 363 0.1148886877369777
198 梓兰 242 0.07659245849131847
199 空爆 144 0.04557567777995809
