1 凯尔希 2881 100.0
2 斯卡蒂 2584 89.69107948628948
3 阿米娅 2221 77.09128774730996
4 陈 1642 56.99409927108643
5 铃兰 1524 52.89829920166609
6 史尔特尔 1500 52.065255119750084
7 塞雷娅 1305 45.296771954182574
8 泥岩 1245 43.214161749392574
9 棘刺 1204 41.7910447761194
10 艾雅法拉 1193 41.40923290524123
11 桃金娘 1156 40.1249566122874
12 W 1123 38.9795209996529
13 煌 934 32.41929885456439
14 刻俄柏 925 32.10690732384588
15 安洁莉娜 888 30.82263103089205
16 能天使 864 29.98958694897605
17 夕 845 29.330093717459217
18 山 844 29.295383547379384
19 嘉维尔 802 27.83755640402638
20 黑 780 27.073932662270046
21 银灰 771 26.761541131551546
22 早露 746 25.89378687955571
23 临光 709 24.609510586601875
24 年 695 24.123568205484208
25 伊芙利特 687 23.84588684484554
26 真理 682 23.67233599444637
27 迷迭香 680 23.602915654286704
28 嵯峨 638 22.145088510933704
29 阿 628 21.79798681013537
30 温蒂 624 21.659146129816037
31 空弦 617 21.4161749392572
32 灰烬 611 21.2079139187782
33 幽灵鲨 608 21.1037834085387
34 德克萨斯 599 20.7913918778202
35 白金 591 20.513710517181536
36 瑕光 575 19.9583477959042
37 风笛 569 19.7500867754252
38 推进之王 550 19.090593543908366
39 特米米 542 18.8129121832697
40 傀影 532 18.465810482471365
41 歌蕾蒂娅 526 18.257549461992365
42 异客 523 18.153418951752865
43 蓝毒 492 17.077403679278028
44 拉普兰德 483 16.765012148559528
45 极境 449 15.584866365845192
46 夜莺 436 15.133634154807357
47 砾 436 15.133634154807357
48 红 435 15.098923984727525
49 稀音 412 14.300590072891357
50 巫恋 408 14.161749392572023
51 炎熔 406 14.092329052412357
52 古米 401 13.91877820201319
53 闪灵 399 13.849357861853523
54 星熊 394 13.675807011454355
55 麦哲伦 390 13.536966331135023
56 卡涅利安 389 13.50225616105519
57 华法琳 388 13.467545990975355
58 赫拉格 382 13.259284970496354
59 赫默 381 13.224574800416523
60 莫斯提马 380 13.18986463033669
61 雷蛇 373 12.946893439777854
62 帕拉斯 367 12.738632419298854
63 罗宾 360 12.49566122874002
64 霜星 354 12.28740020826102
65 孑 341 11.836167997223185
66 苏苏洛 338 11.732037486983685
67 松果 324 11.246095105866019
68 调香师 302 10.482471364109685
69 克洛斯 300 10.413051023950018
70 芙兰卡 299 10.378340853870185
71 伊桑 286 9.92710864283235
72 空 283 9.82297813259285
73 宴 283 9.82297813259285
74 杜宾 275 9.545296771954183
75 水月 274 9.51058660187435
76 白面鸮 262 9.094064560916348
77 玫兰莎 257 8.920513710517183
78 波登可 254 8.816383200277683
79 安比尔 250 8.677542519958347
80 芬 245 8.50399166955918
81 安赛尔 244 8.469281499479347
82 亚叶 240 8.330440819160014
83 战车 240 8.330440819160014
84 锡兰 233 8.08746962860118
85 羽毛笔 226 7.844498438042347
86 安哲拉 222 7.705657757723013
87 卡夫卡 221 7.67094758764318
88 慕斯 220 7.636237417563346
89 卡缇 219 7.601527247483513
90 絮雨 218 7.5668170774036785
91 狮蝎 213 7.393266227004512
92 诗怀雅 212 7.358556056924678
93 龙舌兰 211 7.323845886844846
94 卡达 210 7.289135716765012
95 四月 207 7.185005206525512
96 豆苗 204 7.080874696286012
97 森蚺 201 6.976744186046512
98 泡普卡 200 6.942034015966677
99 蜜蜡 200 6.942034015966677
100 角峰 199 6.907323845886845
101 凛冬 198 6.8726136758070115
102 爱丽丝 198 6.8726136758070115
103 初雪 196 6.803193335647345
104 守林人 196 6.803193335647345
105 红豆 195 6.7684831655675115
106 送葬人 195 6.7684831655675115
107 Lancet-2 195 6.7684831655675115
108 陨星 192 6.6643526553280115
109 杰西卡 191 6.629642485248177
110 炎客 191 6.629642485248177
111 苦艾 189 6.5602221450885105
112 芙蓉 188 6.525511975008677
113 铸铁 184 6.386671294689345
114 星极 182 6.317250954529677
115 天火 177 6.14370010413051
116 THRM-EX 176 6.108989934050677
117 梅尔 174 6.03956959389101
118 讯使 174 6.03956959389101
119 杜林 170 5.900728913571676
120 灰喉 170 5.900728913571676
121 霜叶 168 5.83130857341201
122 格拉尼 168 5.83130857341201
123 乌有 164 5.692467893092676
124 梅 158 5.484206872613676
125 槐琥 157 5.4494967025338426
126 深海色 154 5.3453661922943425
127 流星 151 5.2412356820548425
128 惊蛰 145 5.0329746615758415
129 蛇屠箱 144 4.998264491496009
130 刻刀 139 4.824713641096841
131 鞭刃 139 4.824713641096841
132 白雪 137 4.755293300937175
133 薄绿 136 4.720583130857341
134 柏喙 136 4.720583130857341
135 布洛卡 135 4.685872960777507
136 赤冬 134 4.651162790697675
137 燧石 133 4.616452620617841
138 夜魔 132 4.581742450538007
139 阿消 131 4.547032280458174
140 苇草 129 4.477611940298507
141 崖心 125 4.338771259979174
142 食铁兽 125 4.338771259979174
143 斑点 124 4.30406108989934
144 贝娜 123 4.269350919819507
145 芳烃 122 4.234640749739674
146 史都华德 121 4.19993057965984
147 深靛 121 4.19993057965984
148 暗锁 120 4.165220409580007
149 火神 118 4.09580006942034
150 石棉 118 4.09580006942034
151 霜华 118 4.09580006942034
152 月见夜 116 4.026379729260674
153 贾维 115 3.99166955918084
154 格劳克斯 111 3.8528288788615064
155 暴雨 109 3.7834085387018392
156 闪盾 109 3.7834085387018392
157 绮良 108 3.7486983686220063
158 泡泡 105 3.644567858382506
159 缠丸 104 3.609857688302673
160 格雷伊 103 3.575147518222839
161 梓兰 103 3.575147518222839
162 艾斯戴尔 103 3.575147518222839
163 红云 102 3.540437348143006
164 巡林者 101 3.5057271780631725
165 雪雉 100 3.4710170079833387
166 断崖 100 3.4710170079833387
167 月禾 99 3.4363068379035058
168 清流 99 3.4363068379035058
169 吽 99 3.4363068379035058
170 熔泉 97 3.3668864977438386
171 普罗旺斯 95 3.2974661575841724
172 断罪者 92 3.1933356473446723
173 夜烟 91 3.1586254772648386
174 远山 90 3.123915307185005
175 暴行 83 2.8809441166261713
176 安德切尔 83 2.8809441166261713
177 拜松 80 2.7768136063866713
178 微风 79 2.742103436306838
179 坚雷 77 2.6726830961471713
180 可颂 75 2.6032627559875046
181 因陀罗 74 2.5685525859076708
182 夜刀 73 2.5338424158278374
183 角峰 73 2.5338424158278374
184 米格鲁 71 2.4644220756681707
185 香草 71 2.4644220756681707
186 慑砂 71 2.4644220756681707
187 杰克 69 2.395001735508504
188 翎羽 64 2.221450885109337
189 莱恩哈特 63 2.1867407150295035
190 Castle-3 59 2.04790003471017
191 末药 58 2.013189864630337
192 奥斯塔 57 1.9784796945505032
193 12F 54 1.8743491843110032
194 清道夫 53 1.8396390142311696
195 图耶 45 1.5619576535925026
196 酸糖 40 1.3884068031933356
197 地灵 38 1.3189864630336687
198 猎蜂 35 1.2148559527941687
199 空爆 22 0.7636237417563346
