1 鞭刃 1748.4444444444443 100.0
2 临光 1435.7989949748744 82.11865121234031
3 黑 1413.251879699248 80.82909835595599
4 泥岩 1408.031746031746 80.53053961798243
5 铸铁 1311.6774193548388 75.01967955130624
6 闪灵 1299.0511363636363 74.29753576050284
7 普罗旺斯 1287.4307692307693 73.6329240154863
8 瑕光 1279.4972375690609 73.17917601754924
9 夕 1259.6298200514138 72.04288498006306
10 年 1253.43 71.68829435688868
11 华法琳 1241.4701986754967 71.0042691159092
12 早露 1230.8619047619047 70.39754157890916
13 亚叶 1213.75 69.4188485002542
14 森蚺 1184.7472527472528 67.76007419118757
15 红 1152.6029962546816 65.92162535772836
16 陈 1149.4274193548388 65.7400023779458
17 斯卡蒂 1148.156697556866 65.66732510175264
18 凯尔希 1146.6594464500602 65.58169177713867
19 煌 1139.3097643097642 65.16133629122953
20 红云 1117.0833333333333 63.89012455516014
21 星极 1101.9058823529413 63.02207003797962
22 羽毛笔 1086.748717948718 62.15517578506903
23 白金 1053.1285714285714 60.23231534606725
24 铃兰 1044.3887179487178 59.73245082319815
25 格拉尼 1031.8064516129032 59.01282450760122
26 W 1023.8095890410959 58.5554543808456
27 史尔特尔 997.4488711819389 57.047787497696056
28 特米米 986.3430232558139 56.4126030077677
29 翎羽 982.975 56.21997330960855
30 推进之王 949.7191011235955 54.31794553960574
31 炎熔 929.5510204081633 53.16445846259196
32 歌蕾蒂娅 928.7857142857143 53.12068777689012
33 罗宾 918.0945945945946 52.50922312755053
34 豆苗 906.9574468085107 51.872248482947356
35 砾 901.3304347826087 51.55041886784112
36 诗怀雅 895.2684210526315 51.2037098975196
37 苦艾 888.3150684931506 50.80602196516495
38 梅尔 870.3191489361702 49.77676881307532
39 德克萨斯 868.7895287958115 49.68928418379705
40 宴 859.0808080808081 49.13400656283219
41 风笛 855.4285714285714 48.925121650083526
42 食铁兽 853.0443349753695 48.78875835522576
43 迷迭香 848.3074433656958 48.5178380165942
44 帕拉斯 846.2679738562091 48.40119321750052
45 四月 845.0731707317074 48.33285801083736
46 拜松 814.3913043478261 46.57804867266418
47 巫恋 807.0983606557377 46.1609382683124
48 流星 800.0 45.754956786985254
49 拉普兰德 783.9410646387832 44.83648692011343
50 石棉 780.2405063291139 44.624838313180135
51 空弦 765.929292929293 43.806327124832464
52 星熊 759.0547445255474 43.4131462934032
53 蓝毒 739.0172413793103 42.267127430184246
54 因陀罗 731.5277777777778 41.838777325876976
55 塞雷娅 727.615 41.61499110320285
56 安比尔 727.3513513513514 41.59991206254552
57 雷蛇 723.1812080536913 41.36140615457055
58 战车 723.0 41.35104219623793
59 霜叶 715.9548872180451 40.9481061576157
60 温蒂 715.2719298245614 40.90904530008295
61 幽灵鲨 680.4600550964187 38.91802552025781
62 芙兰卡 670.4222222222222 38.343924758515506
63 远山 668.5 38.23398576512456
64 月禾 663.6666666666666 37.957549567869854
65 嘉维尔 661.4057971014493 37.82824208129794
66 陨星 646.4347826086956 36.97199442983135
67 苏苏洛 643.4602150537635 36.801867917411485
68 锡兰 633.8378378378378 36.25152860028305
69 刻俄柏 632.9723320158103 36.20202712342586
70 杜宾 629.6101694915254 36.009732622164016
71 嵯峨 616.1470588235294 35.23972756362331
72 安洁莉娜 610.375321336761 34.90962056450718
73 雪雉 609.3846153846154 34.85295842947089
74 爱丽丝 600.2 34.3276563294357
75 絮雨 600.0357142857143 34.318260222238365
76 赤冬 599.7297297297297 34.300759834567664
77 天火 592.2105263157895 33.87070880047093
78 艾雅法拉 589.9356913183279 33.74060257921296
79 酸糖 586.8 33.56126080325368
80 卡涅利安 578.8712121212121 33.1077841197948
81 夜魔 568.8620689655172 32.535324229090335
82 薄绿 562.0243902439024 32.14425211105187
83 白面鸮 561.4201680672269 32.10969441157246
84 杰西卡 548.7058823529412 31.382517419779305
85 霜星 548.5625 31.37431685307575
86 地灵 538.4444444444445 30.795627859684803
87 松果 538.3932584269663 30.792700342162536
88 水月 533.4807692307693 30.51173692855188
89 红豆 526.4835164835165 30.11153818220417
90 安赛尔 522.2093023255813 29.867080077085866
91 夜莺 522.0818181818182 29.859788787724735
92 暴行 515.6153846153846 29.489949552227134
93 能天使 507.93650793650795 29.050766213958894
94 初雪 501.2567567567568 28.668726555737233
95 阿消 498.76 28.525927808845957
96 安哲拉 498.2608695652174 28.497380694502777
97 龙舌兰 497.06666666666666 28.429079816980174
98 断崖 496.84 28.416115912557196
99 图耶 495.8285714285714 28.35826857433365
100 白雪 490.765625 28.068699955516013
101 凛冬 486.59016393442624 27.829889904739684
102 空爆 483.6 27.65887137773259
103 可颂 476.78688524590166 27.269204163784412
104 刻刀 476.59574468085106 27.25827212841675
105 莫斯提马 474.2613908872902 27.12476180722936
106 守林人 466.875 26.70230681240468
107 苇草 464.22222222222223 26.550584646670057
108 空 458.929203539823 26.247857345312703
109 阿米娅 450.22251539138085 25.749889670325548
110 熔泉 448.95 25.677109811896287
111 格劳克斯 421.3076923076923 24.09614406945368
112 深靛 419.0408163265306 23.96649305375429
113 克洛斯 405.05737704918033 23.166728478918554
114 槐琥 404.73636363636365 23.148368535379213
115 蜜蜡 402.5079365079365 23.020916551674052
116 棘刺 398.635 22.799408998474835
117 灰喉 390.8888888888889 22.356380274529744
118 稀音 384.04347826086956 21.964865940187
119 伊芙利特 382.12213740458014 21.85497735537126
120 炎客 355.5375 20.334503685815967
121 慕斯 352.71153846153845 20.172876500723476
122 乌有 350.5151515151515 20.047257013449187
123 桃金娘 345.7579365079365 19.775174304597286
124 崖心 340.7704918032787 19.489923908423414
125 月见夜 338.92857142857144 19.384577674486167
126 送葬人 336.2909090909091 19.233720016638166
127 角峰 335.05555555555554 19.16306558210473
128 杜林 323.9019607843137 18.525150273632583
129 狮蝎 318.03125 18.18938262582613
130 柏喙 315.25 18.030312658871377
131 麦哲伦 314.5133333333333 17.988179969496695
132 卡达 314.2692307692308 17.974218841656565
133 赫拉格 311.0 17.787239450940522
134 艾斯戴尔 309.5882352941176 17.70649540955172
135 暴雨 305.28 17.46009150991357
136 赫默 303.63917525773195 17.366246678441712
137 史都华德 298.72727272727275 17.085316818412906
138 调香师 296.984126984127 16.985619870724094
139 角峰 296.16 16.938485002541945
140 闪盾 291.0833333333333 16.648131672597867
141 古米 288.86725663716817 16.52138605576076
142 夜刀 281.3333333333333 16.090493136756482
143 蛇屠箱 279.90625 16.008872966446365
144 卡夫卡 272.8703703703704 15.6064650059312
145 山 268.2391304347826 15.341587277027477
146 银灰 263.70588235294116 15.082314064415803
147 燧石 261.3829787234043 14.949458620428564
148 微风 252.75 14.455706659888158
149 巡林者 250.0 14.298423995932893
150 真理 247.8470588235294 14.175289332814977
151 波登可 246.64285714285714 14.106416587987509
152 末药 245.9 14.063929842399595
153 卡缇 245.38888888888889 14.034697508896798
154 异客 240.34426229508196 13.746176669139157
155 贝娜 225.25 12.882880020335538
156 玫兰莎 219.73076923076923 12.567214813656093
157 米格鲁 219.10344827586206 12.531336009676911
158 香草 218.56521739130434 12.500552596096462
159 阿 214.54807692307693 12.270797485432718
160 泡普卡 211.4375 12.092892094560245
161 深海色 211.3448275862069 12.087591816699684
162 缠丸 209.04166666666666 11.955865531265887
163 傀影 195.01075268817203 11.153385702805977
164 灰烬 190.16666666666666 10.876334519572953
165 吽 189.30769230769232 10.827206601227955
166 暗锁 188.2295081967213 10.765541266970589
167 极境 187.72727272727272 10.7368165642187
168 夜烟 186.36666666666667 10.658998474834775
169 断罪者 184.33333333333334 10.54270462633452
170 孑 179.47706422018348 10.264956647061842
171 泡泡 173.66666666666666 9.932638535841383
172 芬 167.14285714285714 9.55951775728085
173 布洛卡 160.89743589743588 9.202319033279888
174 慑砂 156.27272727272728 8.937814854184962
175 芙蓉 152.13333333333333 8.701067615658364
176 梓兰 141.5 8.092907981698017
177 坚雷 139.88888888888889 8.000762582613117
178 霜华 137.66666666666666 7.873665480427046
179 芳烃 137.22222222222223 7.848246059989833
180 莱恩哈特 123.75 7.077719877986782
181 清道夫 122.63157894736842 7.013753244320767
182 伊桑 121.3859649122807 6.942511973884891
183 惊蛰 120.4931506849315 6.891448628395931
184 讯使 118.22727272727273 6.761854693349356
185 清流 117.9090909090909 6.743656699172713
186 奥斯塔 112.11538461538461 6.412293222791443
187 安德切尔 108.8076923076923 6.223114074537563
188 贾维 106.40425531914893 6.085652630098757
189 Lancet-2 105.0 6.005338078291815
190 THRM-EX 103.5 5.919547534316218
191 绮良 101.69444444444444 5.8162811387900355
192 杰克 95.22222222222223 5.446110828673107
193 火神 79.75 4.561197254702593
194 Castle-3 77.0 4.403914590747331
195 猎蜂 73.61111111111111 4.210091509913575
196 格雷伊 61.391304347826086 3.5111955969143036
197 梅 48.8 2.791052364006101
198 12F 44.8 2.5622775800711746
199 斑点 41.45 2.3706786985256736
