1 斯卡蒂 1187.0 100.0
2 阿米娅 1137.0 95.787700084246
3 泥岩 1134.0 95.53496208930076
4 铃兰 975.0 82.13984835720304
5 德克萨斯 955.0 80.45492839090144
6 凯尔希 831.0 70.00842459983151
7 史尔特尔 753.0 63.43723673125526
8 W 730.0 61.499578770008426
9 陈 620.0 52.23251895534962
10 能天使 567.0 47.76748104465038
11 拉普兰德 526.0 44.3133951137321
12 苏苏洛 465.0 39.17438921651222
13 莫斯提马 417.0 35.130581297388375
14 夕 389.0 32.77169334456613
15 安洁莉娜 389.0 32.77169334456613
16 幽灵鲨 363.0 30.58129738837405
17 嵯峨 340.0 28.64363942712721
18 艾雅法拉 311.0 26.20050547598989
19 迷迭香 309.0 26.032013479359726
20 年 300.0 25.273799494524006
21 煌 297.0 25.021061499578767
22 蓝毒 290.0 24.43133951137321
23 星熊 274.0 23.08340353833193
24 红 267.0 22.493681550126368
25 黑 266.0 22.40943555181129
26 刻俄柏 253.0 21.314237573715246
27 桃金娘 252.0 21.229991575400167
28 早露 210.0 17.69165964616681
29 白金 210.0 17.69165964616681
30 水月 208.0 17.523167649536646
31 食铁兽 203.0 17.101937657961248
32 棘刺 200.0 16.849199663016005
33 塞雷娅 200.0 16.849199663016005
34 临光 199.0 16.764953664700926
35 宴 198.0 16.680707666385846
36 羽毛笔 195.0 16.427969671440607
37 诗怀雅 190.0 16.006739679865206
38 森蚺 182.0 15.332771693344565
39 歌蕾蒂娅 182.0 15.332771693344565
40 瑕光 181.0 15.248525695029485
41 推进之王 178.0 14.995787700084245
42 闪灵 176.0 14.827295703454086
43 特米米 172.0 14.490311710193765
44 絮雨 168.0 14.153327716933445
45 霜星 160.0 13.479359730412805
46 铸铁 155.0 13.058129738837405
47 帕拉斯 153.0 12.889637742207244
48 杰西卡 153.0 12.889637742207244
49 银灰 153.0 12.889637742207244
50 鞭刃 153.0 12.889637742207244
51 华法琳 151.0 12.721145745577084
52 麦哲伦 150.0 12.636899747262003
53 雷蛇 149.0 12.552653748946923
54 罗宾 148.0 12.468407750631846
55 初雪 148.0 12.468407750631846
56 芙兰卡 135.0 11.373209772535803
57 霜叶 133.0 11.204717775905644
58 卡涅利安 132.0 11.120471777590565
59 伊芙利特 131.0 11.036225779275483
60 凛冬 122.0 10.278011794439765
61 巫恋 122.0 10.278011794439765
62 克洛斯 122.0 10.278011794439765
63 白面鸮 119.0 10.025273799494524
64 风笛 119.0 10.025273799494524
65 砾 115.0 9.688289806234204
66 温蒂 114.0 9.604043807919124
67 空 113.0 9.519797809604045
68 古米 113.0 9.519797809604045
69 槐琥 110.0 9.267059814658804
70 夜莺 110.0 9.267059814658804
71 孑 109.0 9.182813816343725
72 阿 104.0 8.761583824768323
73 空弦 99.0 8.340353833192923
74 赫默 97.0 8.171861836562764
75 豆苗 94.0 7.919123841617523
76 傀影 93.0 7.834877843302443
77 格拉尼 93.0 7.834877843302443
78 山 92.0 7.750631844987363
79 稀音 92.0 7.750631844987363
80 红豆 91.0 7.6663858466722825
81 松果 89.0 7.497893850042122
82 安赛尔 86.0 7.245155855096883
83 真理 85.0 7.160909856781802
84 星极 85.0 7.160909856781802
85 波登可 84.0 7.0766638584667225
86 苇草 81.0 6.823925863521482
87 炎客 80.0 6.739679865206402
88 石棉 79.0 6.655433866891322
89 天火 76.0 6.402695871946082
90 暴雨 75.0 6.3184498736310015
91 龙舌兰 75.0 6.3184498736310015
92 阿消 75.0 6.3184498736310015
93 惊蛰 73.0 6.149957877000842
94 苦艾 73.0 6.149957877000842
95 芳烃 72.0 6.065711878685763
96 嘉维尔 69.0 5.812973883740522
97 安哲拉 69.0 5.812973883740522
98 普罗旺斯 65.0 5.475989890480202
99 格劳克斯 65.0 5.475989890480202
100 吽 65.0 5.475989890480202
101 狮蝎 64.0 5.391743892165122
102 白雪 64.0 5.391743892165122
103 蜜蜡 63.0 5.307497893850042
104 调香师 63.0 5.307497893850042
105 暗锁 61.0 5.139005897219882
106 异客 61.0 5.139005897219882
107 可颂 61.0 5.139005897219882
108 崖心 61.0 5.139005897219882
109 红云 60.0 5.054759898904802
110 杜宾 59.0 4.970513900589722
111 夜魔 58.0 4.886267902274642
112 伊桑 57.0 4.802021903959562
113 送葬人 55.0 4.633529907329402
114 卡缇 54.0 4.549283909014322
115 卡夫卡 54.0 4.549283909014322
116 玫兰莎 52.0 4.380791912384161
117 流星 52.0 4.380791912384161
118 慕斯 52.0 4.380791912384161
119 卡达 52.0 4.380791912384161
120 杜林 51.0 4.296545914069082
121 炎熔 49.0 4.128053917438922
122 深靛 49.0 4.128053917438922
123 缠丸 48.0 4.043807919123841
124 泡普卡 48.0 4.043807919123841
125 梅尔 47.0 3.9595619208087616
126 燧石 47.0 3.9595619208087616
127 贾维 47.0 3.9595619208087616
128 刻刀 47.0 3.9595619208087616
129 拜松 46.0 3.8753159224936815
130 赫拉格 45.0 3.7910699241786014
131 亚叶 44.0 3.7068239258635214
132 极境 44.0 3.7068239258635214
133 芬 42.0 3.5383319292333613
134 薄绿 41.0 3.454085930918281
135 四月 41.0 3.454085930918281
136 莱恩哈特 40.0 3.369839932603201
137 翎羽 40.0 3.369839932603201
138 熔泉 40.0 3.369839932603201
139 布洛卡 39.0 3.285593934288121
140 雪雉 39.0 3.285593934288121
141 锡兰 37.0 3.1171019376579614
142 安比尔 37.0 3.1171019376579614
143 赤冬 37.0 3.1171019376579614
144 绮良 36.0 3.0328559393428813
145 因陀罗 36.0 3.0328559393428813
146 图耶 35.0 2.9486099410278013
147 史都华德 33.0 2.780117944397641
148 乌有 33.0 2.780117944397641
149 守林人 32.0 2.695871946082561
150 蛇屠箱 32.0 2.695871946082561
151 夜刀 30.0 2.527379949452401
152 夜烟 30.0 2.527379949452401
153 芙蓉 30.0 2.527379949452401
154 米格鲁 29.0 2.443133951137321
155 深海色 29.0 2.443133951137321
156 暴行 26.0 2.1903959561920807
157 安德切尔 26.0 2.1903959561920807
158 奥斯塔 26.0 2.1903959561920807
159 角峰 25.0 2.1061499578770007
160 断崖 25.0 2.1061499578770007
161 灰烬 24.0 2.0219039595619206
162 陨星 23.0 1.9376579612468408
163 香草 23.0 1.9376579612468408
164 格雷伊 23.0 1.9376579612468408
165 慑砂 22.0 1.8534119629317607
166 讯使 22.0 1.8534119629317607
167 斑点 20.0 1.6849199663016006
168 爱丽丝 20.0 1.6849199663016006
169 战车 20.0 1.6849199663016006
170 清道夫 19.0 1.6006739679865205
171 角峰 18.0 1.5164279696714407
172 猎蜂 18.0 1.5164279696714407
173 杰克 18.0 1.5164279696714407
174 灰喉 18.0 1.5164279696714407
175 艾斯戴尔 17.0 1.4321819713563606
176 贝娜 16.0 1.3479359730412805
177 月见夜 14.0 1.1794439764111204
178 火神 12.0 1.0109519797809603
179 月禾 12.0 1.0109519797809603
180 梓兰 12.0 1.0109519797809603
181 闪盾 12.0 1.0109519797809603
182 清流 11.0 0.9267059814658803
183 梅 10.0 0.8424599831508003
184 末药 10.0 0.8424599831508003
185 酸糖 10.0 0.8424599831508003
186 泡泡 9.0 0.7582139848357203
187 坚雷 9.0 0.7582139848357203
188 地灵 9.0 0.7582139848357203
189 巡林者 8.0 0.6739679865206403
190 柏喙 8.0 0.6739679865206403
191 远山 8.0 0.6739679865206403
192 Lancet-2 8.0 0.6739679865206403
193 霜华 6.0 0.5054759898904801
194 空爆 5.0 0.42122999157540014
195 12F 5.0 0.42122999157540014
196 微风 4.0 0.33698399326032014
197 断罪者 3.0 0.2527379949452401
198 Castle-3 3.0 0.2527379949452401
199 THRM-EX 2.0 0.16849199663016007
