1 阿米娅 12865 100.0
2 凯尔希 12797 99.47143412359114
3 空弦 11595 90.12825495530508
4 陈 7404 57.55149630781189
5 铃兰 5885 45.74426739214924
6 斯卡蒂 5796 45.05246793626117
7 史尔特尔 5372 41.75670423630004
8 棘刺 4827 37.52040419743491
9 异客 4772 37.092887679751264
10 W 4230 32.87990672366887
11 艾雅法拉 3641 28.301593470656822
12 银灰 2891 22.47182277497085
13 塞雷娅 2801 21.772250291488536
14 安洁莉娜 2762 21.469102215312862
15 夕 2745 21.336960746210647
16 泥岩 2655 20.637388262728333
17 煌 2612 20.30314807617567
18 调香师 2554 19.85231247570929
19 能天使 2549 19.81344733773805
20 瑕光 2370 18.422075398367667
21 温蒂 2261 17.574815390594637
22 灰烬 2250 17.48931208705791
23 真理 2229 17.3260785075787
24 迷迭香 2213 17.201710066070735
25 山 2181 16.9529731830548
26 桃金娘 2048 15.91916051301982
27 临光 1990 15.468324912553438
28 帕拉斯 1976 15.359502526233968
29 刻俄柏 1968 15.297318305479985
30 卡涅利安 1846 14.349008938981733
31 嵯峨 1822 14.162456276719782
32 风笛 1795 13.952584531675088
33 推进之王 1720 13.369607462106488
34 早露 1621 12.600077730275943
35 黑 1602 12.452390205985232
36 白金 1566 12.172561212592305
37 霜叶 1485 11.54294597745822
38 傀影 1415 10.998834045860862
39 年 1310 10.182666148464827
40 夜莺 1257 9.770695685969685
41 伊芙利特 1143 8.884570540225416
42 幽灵鲨 1139 8.853478429848426
43 德克萨斯 1102 8.565876408861252
44 苏苏洛 1095 8.511465215701516
45 赫拉格 1056 8.208317139525844
46 阿 999 7.765254566653712
47 麦哲伦 974 7.570928876797513
48 稀音 951 7.39214924212981
49 歌蕾蒂娅 925 7.190050524679363
50 闪灵 885 6.879129420909444
51 芬 861 6.692576758647493
52 蓝毒 857 6.661484648270502
53 苇草 841 6.537116206762534
54 霜星 829 6.443839875631559
55 红 797 6.195102992615624
56 莫斯提马 788 6.1251457442673924
57 星极 787 6.117372716673144
58 特米米 780 6.062961523513408
59 空 775 6.024096385542169
60 星熊 746 5.798678585308978
61 白面鸮 742 5.767586474931987
62 雷蛇 725 5.635445005829771
63 砾 694 5.394481150408084
64 松果 674 5.239020598523124
65 极境 661 5.137971239797901
66 古米 635 4.935872522347454
67 拉普兰德 632 4.912553439564711
68 亚叶 629 4.889234356781967
69 卡夫卡 625 4.858142246404975
70 巫恋 623 4.842596191216479
71 宴 608 4.726000777302759
72 炎熔 602 4.679362611737272
73 安赛尔 583 4.531675087446561
74 芙兰卡 577 4.485036921881073
75 克洛斯 570 4.4306257287213375
76 杜宾 569 4.4228527011270895
77 四月 567 4.4073066459385934
78 炎客 552 4.290711232024873
79 锡兰 541 4.2052079284881465
80 泡泡 539 4.1896618732996505
81 华法琳 529 4.11193159735717
82 赫默 525 4.080839486980179
83 罗宾 514 3.9953361834434515
84 讯使 512 3.979790128254955
85 孑 488 3.7932374659930046
86 伊桑 451 3.5056354450058302
87 灰喉 445 3.458997279440342
88 惊蛰 443 3.4434512242518465
89 战车 442 3.435678196657598
90 铸铁 404 3.1403031480761756
91 波登可 390 3.031480761756704
92 爱丽丝 385 2.9926156237854644
93 雪雉 383 2.9770695685969684
94 守林人 381 2.9615235134084728
95 杰西卡 380 2.9537504858142247
96 吽 377 2.9304314030314806
97 凛冬 376 2.922658375437233
98 格拉尼 375 2.9148853478429846
99 玫兰莎 373 2.899339292654489
100 赤冬 355 2.759424795958026
101 红豆 353 2.7438787407695298
102 蜜蜡 353 2.7438787407695298
103 角峰 352 2.7361057131752817
104 燧石 352 2.7361057131752817
105 诗怀雅 331 2.572872133696075
106 安哲拉 331 2.572872133696075
107 鞭刃 330 2.565099106101827
108 送葬人 318 2.4718227749708515
109 泡普卡 317 2.464049747376603
110 米格鲁 313 2.4329576369996113
111 卡达 313 2.4329576369996113
112 陨星 310 2.4096385542168677
113 熔泉 310 2.4096385542168677
114 暴雨 305 2.3707734162456275
115 槐琥 304 2.3630003886513795
116 嘉维尔 302 2.347454333462884
117 火神 299 2.32413525068014
118 水月 298 2.3163622230858922
119 格雷伊 298 2.3163622230858922
120 乌有 294 2.2852701127089
121 杜林 289 2.2464049747376604
122 暗锁 284 2.2075398367664203
123 蛇屠箱 284 2.2075398367664203
124 布洛卡 281 2.1842207539836767
125 月禾 276 2.1453556160124365
126 红云 267 2.075398367664205
127 暴行 260 2.0209871745044694
128 苦艾 258 2.005441119315974
129 薄绿 245 1.90439176059075
130 芳烃 244 1.8966187329965023
131 絮雨 242 1.8810726778080062
132 贝娜 232 1.8033424018655269
133 豆苗 232 1.8033424018655269
134 闪盾 229 1.7800233190827828
135 流星 225 1.7489312087057909
136 霜华 225 1.7489312087057909
137 森蚺 223 1.7333851535172948
138 微风 219 1.702293043140303
139 食铁兽 219 1.702293043140303
140 慕斯 218 1.6945200155460551
141 拜松 218 1.6945200155460551
142 芙蓉 217 1.6867469879518073
143 断崖 213 1.6556548775748154
144 龙舌兰 205 1.5934706568208317
145 奥斯塔 205 1.5934706568208317
146 羽毛笔 204 1.5856976292265839
147 安比尔 204 1.5856976292265839
148 梅 202 1.5701515740380878
149 阿消 202 1.5701515740380878
150 艾斯戴尔 199 1.546832491255344
151 深靛 199 1.546832491255344
152 可颂 198 1.5390594636610961
153 天火 196 1.5235134084726
154 白雪 195 1.515740380878352
155 梅尔 193 1.5001943256898562
156 绮良 192 1.4924212980956082
157 石棉 190 1.4768752429071124
158 贾维 182 1.4146910221531286
159 初雪 180 1.3991449669646328
160 狮蝎 174 1.352506801399145
161 梓兰 174 1.352506801399145
162 莱恩哈特 171 1.329187718616401
163 深海色 170 1.3214146910221531
164 斑点 165 1.2825495530509134
165 卡缇 161 1.2514574426739216
166 缠丸 159 1.2359113874854257
167 巡林者 151 1.173727166731442
168 清流 151 1.173727166731442
169 远山 148 1.1504080839486979
170 普罗旺斯 138 1.0726778080062183
171 图耶 137 1.0649047804119705
172 格劳克斯 137 1.0649047804119705
173 夜魔 136 1.0571317528177224
174 刻刀 134 1.0415856976292266
175 Lancet-2 130 1.0104935872522347
176 月见夜 129 1.002720559657987
177 因陀罗 129 1.002720559657987
178 史都华德 127 0.9871745044694908
179 柏喙 126 0.9794014768752428
180 末药 118 0.9172172561212593
181 杰克 118 0.9172172561212593
182 空爆 118 0.9172172561212593
183 夜刀 113 0.8783521181500195
184 慑砂 112 0.8705790905557715
185 香草 108 0.8394869801787797
186 崖心 98 0.7617567042363
187 THRM-EX 88 0.6840264282938204
188 安德切尔 87 0.6762534006995725
189 夜烟 84 0.6529343179168287
190 角峰 81 0.6296152351340847
191 断罪者 70 0.5441119315973572
192 12F 69 0.5363389040031091
193 坚雷 68 0.5285658764088612
194 清道夫 67 0.5207928488146133
195 猎蜂 48 0.37310532452390205
196 翎羽 47 0.36533229692965413
197 酸糖 41 0.31869413136416636
198 地灵 30 0.2331908278274388
199 Castle-3 30 0.2331908278274388
